epoch:10 0.6370  0.8816  0.7010  0.6084  0.6821  0.6764  0.8955  0.7377  0.6410  0.7282  0.0323  0.001000
epoch:11 0.6488  0.8934  0.7150  0.6195  0.6932  0.6857  0.9030  0.7491  0.6518  0.7356  0.0319  0.001000
epoch:12 0.6533  0.8929  0.7258  0.6250  0.6986  0.6895  0.9040  0.7543  0.6541  0.7414  0.0315  0.001000
epoch:13 0.6564  0.8938  0.7244  0.6259  0.7025  0.6921  0.9071  0.7530  0.6561  0.7454  0.0312  0.001000
